lead_id,correlation_id,event,old_value,new_value,workflow,timestamp
